начальное состояние
rotate_tail(0,8,0,-9,0,-25,0,-20,0,-45,0,-45,0,-30)
загнут вниз под туловище
rotate_tail(0,90,0,30,0,30,0,30,0,30,0,30,0,10)
Лучше rotate_tail(0,90,0,20,0,30,0,30,0,30,0,30,0,10)
загнут влево (от собаки)
rotate_tail(10,0,20,-10,10,-10,30,-20,20,-20,40,-20,40,-10)
загнут вправо (от собаки)
rotate_tail(-10,0,-20,-10,-10,-10,-30,-20,-20,-20,-40,-20,-40,-10)
Нейтральный
rotate_tail(0,60,0,0,0,0,0,-20,0,-20,0,-40,0,0)
Горизонтальный (для сидячего положения)
rotate_tail(0,45,0,0,0,0,0,0,-30,0,-40,0,-50,0)

let a = new Animate4
a.tail(rotate_tail, [10,0,20,-10,10,-10,30,-20,20,-20,40,-20,40,-10], [-10,0,-20,-10,-10,-10,-30,-20,-20,-20,-40,-20,-40,-10], 100, 500)
a.start()

* Исправлено (не полностью) * У нас почему-то хвост через верх в другую сторону переходит, так не должно быть

среднее при вилянии
rotate_tail(0,0,0,-10,0,-10,0,-20,0,-20,0,-20,0,-10)

let a = new Animate4
a.tail(rotate_tail, [10,0,20,-10,10,-10,30,-20,20,-20,40,-20,40,-10], [0,8,0,-9,0,-25,0,-20,0,-45,0,-45,0,-30], 100, 300)
a.tail(rotate_tail, [0,8,0,-9,0,-25,0,-20,0,-45,0,-45,0,-30], [-10,0,-20,-10,-10,-10,-30,-20,-20,-20,-40,-20,-40,-10], 300, 500)
a.start()

let a = wag_tail()
let a = wag_tail(0.1)
a.exit_now = true

let a = new Animate4
a.tail(rotate_tail, [0,8,0,-9,0,-25,0,-20,0,-45,0,-45,0,-30], [0,90,0,20,0,30,0,30,0,30,0,30,0,10], 100, 400)
a.start()